-0.79
0.99
1.19
-0.52
1.26
1.57
-1.00
0.65
1.04
-0.82
0.98
1.43
-0.35
1.21
1.74
-0.71
0.94
2.28
-0.57
0.48
1.11
-0.45
0.95
2.58
-0.34
1.34
2.15
-0.97
1.03
1.40
-0.66
-1.41
-1.89
-1.11
-0.75
-1.03
-1.11
-0.75
-1.03
-0.10
1.80
2.45
-0.32
1.66
2.25
-0.73
0.74
1.63
-0.49
1.05
1.49
-0.26
1.60
1.96
-0.11
1.12
1.79
-0.60
0.49
1.12
-0.69
1.26
1.73
-0.44
1.45
2.19
-0.08
1.55
2.53
-0.38
0.27
0.15
-0.07
0.39
0.28
-0.13
0.10
1.44
-0.58
-0.17
0.17
-0.68
0.34
0.48
-0.21
1.31
2.08
0.03
1.80
2.22
-0.50
0.46
0.62
-0.01
0.14
0.46
-0.57
0.15
0.65
-0.81
-0.13
-0.03
-0.78
0.29
0.94
-0.49
-0.61
-0.69
-0.77
0.75
1.62
-0.49
1.34
2.35
-0.51
0.57
1.37
-1.05
-0.34
-2.74
-1.33
-0.09
-2.62
0.63
0.69
1.56
-0.77
-0.62
-1.36
-0.04
1.29
2.59
