0.08
-0.01
0.26
0.07
-0.00
0.23
0.05
-0.02
0.32
0.07
0.00
0.26
0.06
0.00
0.23
0.03
-0.00
0.26
-0.01
-0.05
0.28
0.09
0.03
0.33
0.09
0.04
0.34
0.08
0.06
0.37
0.04
0.09
0.27
0.01
0.08
0.31
0.01
0.08
0.31
0.11
0.08
0.30
0.11
0.07
0.31
0.01
-0.02
0.26
0.01
-0.02
0.27
-0.00
0.04
0.26
0.01
-0.00
0.27
-0.03
-0.08
0.33
0.02
0.02
0.29
0.04
0.06
0.27
0.04
0.05
0.22
-0.05
-0.07
0.32
-0.03
-0.06
0.32
0.01
-0.07
0.33
-0.07
-0.04
0.34
-0.03
-0.02
0.34
0.06
0.02
0.28
0.05
0.02
0.23
-0.00
-0.04
0.30
-0.03
-0.08
0.30
-0.05
-0.05
0.33
-0.09
-0.05
0.33
-0.02
-0.08
0.38
-0.08
-0.06
0.37
0.04
-0.03
0.38
0.03
0.05
0.30
0.00
-0.02
0.32
-0.02
0.05
0.25
0.01
0.04
0.25
0.03
-0.05
0.24
-0.09
-0.00
0.28
-0.01
-0.00
0.30
